8208180414 10001
8208180414 10002
8208180414 10003
8053413443 10001
8053413443 10002
8053413443 10003
8343543434 10001
8343543434 10002
8343543434 10003
3154313245 10001
3154313245 10002 
3154313245 10003 
1534135135 10001 
1534135135 10002 
1534135135 10003 
8743544135 10001 
8743544135 10002 
8743544135 10003 
5341354684 10001
5341354684 10002
5341354684 10003
5435483435 10001
5435483435 10002
5435483435 10003
5634354354 10001
5634354354 10002
5634354354 10003
7841354834 10001
7841354834 10002
7841354834 10003
