8208180414 10001 83
8208180414 10002 68
8208180414 10003 83
8053413443 10001 61
8053413443 10002 97
8053413443 10003 84
8343543434 10001 69
8343543434 10002 78
8343543434 10003 68
3154313245 10001 64
3154313245 10002 60
3154313245 10003 66
1534135135 10001 61
1534135135 10002 79
1534135135 10003 91
8743544135 10001 100
8743544135 10002 82
8743544135 10003 67
5341354684 10001 83
5341354684 10002 66
5341354684 10003 88
5435483435 10001 62
5435483435 10002 95
5435483435 10003 79
5634354354 10001 81
5634354354 10002 81
5634354354 10003 64
7841354834 10001 91
7841354834 10002 74
7841354834 10003 62
